organism    fasta